name,phone
Bob,07822222222
John,07811111111
Sarah,07833333333
Billy,07844444444
test,test
